{
 "cells": [
  {
   "cell_type": "markdown",
   "metadata": {},
   "source": [
    "## Data set"
   ]
  },
  {
   "cell_type": "markdown",
   "metadata": {},
   "source": [
    "As part of a study of consumer consideration of ready-to-eat cereals sponsored by Kellogg Australia, Roberts and Lattin (1991) surveyed consumers regarding their perceptions of their favorite brands of cereals. Each respondent was asked to evaluate three preferred brands on each of 25 different attributes. Respondents used a five point likert scale to indicate the extent to which each brand possessed the given attribute.  \n",
    " \n",
    "For the purpose of this assignment, a subset of the data collected by Roberts and Lattin, reflecting the evaluations of the 12 most frequently cited cereal brands in the sample (in the original study, a total of 40 different brands were evaluated by 121 respondents, but the majority of brands were rated by only a small number of consumers). The 25 attributes and 12 brands are listed below: \n",
    " \n",
    " Cereal Brand  Attributes 1-12  Attributes 13-25  All Bran  Filling  Family  Cerola Muesli  Natural  Calories  Just Right  Fibre  Plain  Kellogg’s corn falkes  Sweet  Crisp  Komplete  Easy  Regular  Nutrigrain  Salt  Sugar  Purina Muesli  Satisfying  Fruit  Rice Bubbles  Energy  Process  Special K  Fun  Quality  Sustain  Kids  Treat  Vitabrit  Soggy  Boring  Weetbix  Economical  Nutritious  Health  \n",
    " \n",
    " \n",
    "In total 116 respondents provided 235 observations of the 12 selected brands.  \n",
    "\n",
    "Refer: https://rpubs.com/ssindw/274704"
   ]
  },
  {
   "cell_type": "markdown",
   "metadata": {},
   "source": [
    "Do a Principal component analysis to characterize the consideration behavior of the 12 selected brands."
   ]
  },
  {
   "cell_type": "markdown",
   "metadata": {},
   "source": [
    "## Step 1 Import the necessary modules"
   ]
  },
  {
   "cell_type": "code",
   "execution_count": 1,
   "metadata": {
    "collapsed": true
   },
   "outputs": [],
   "source": [
    "import pandas      as        pd\n",
    "import numpy       as        np\n",
    "import seaborn     as        sns\n",
    "\n",
    "from   sklearn               import    preprocessing\n",
    "from   sklearn.preprocessing import    StandardScaler\n",
    "from   sklearn.decomposition import    PCA\n",
    "import matplotlib.pyplot     as        plt\n",
    "from   scipy.stats           import    shapiro\n",
    "from   scipy.stats           import    normaltest\n",
    "from   scipy.stats           import    bartlett\n",
    "import scipy.stats           as        stats \n",
    "\n",
    "from   factor_analyzer.factor_analyzer import calculate_kmo\n",
    "from   statsmodels.base.model          import GenericLikelihoodModel\n",
    "%matplotlib inline"
   ]
  },
  {
   "cell_type": "markdown",
   "metadata": {},
   "source": [
    "## Step 2: Obtain the Dataset"
   ]
  },
  {
   "cell_type": "code",
   "execution_count": 2,
   "metadata": {},
   "outputs": [
    {
     "data": {
      "text/plain": [
       "'D:\\\\RRD\\\\Courseware\\\\ipynb files'"
      ]
     },
     "execution_count": 2,
     "metadata": {},
     "output_type": "execute_result"
    }
   ],
   "source": [
    "import os\n",
    "os.getcwd()"
   ]
  },
  {
   "cell_type": "code",
   "execution_count": 3,
   "metadata": {
    "collapsed": true
   },
   "outputs": [],
   "source": [
    "data = pd.read_csv('../data/cereal.csv')"
   ]
  },
  {
   "cell_type": "code",
   "execution_count": 4,
   "metadata": {},
   "outputs": [
    {
     "name": "stdout",
     "output_type": "stream",
     "text": [
      "<class 'pandas.core.frame.DataFrame'>\n",
      "RangeIndex: 235 entries, 0 to 234\n",
      "Data columns (total 26 columns):\n",
      "Cereals       235 non-null object\n",
      "Filling       235 non-null int64\n",
      "Natural       235 non-null int64\n",
      "Fibre         235 non-null int64\n",
      "Sweet         235 non-null int64\n",
      "Easy          235 non-null int64\n",
      "Salt          235 non-null int64\n",
      "Satisfying    235 non-null int64\n",
      "Energy        235 non-null int64\n",
      "Fun           235 non-null int64\n",
      "Kids          235 non-null int64\n",
      "Soggy         235 non-null int64\n",
      "Economical    235 non-null int64\n",
      "Health        235 non-null int64\n",
      "Family        235 non-null int64\n",
      "Calories      235 non-null int64\n",
      "Plain         235 non-null int64\n",
      "Crisp         235 non-null int64\n",
      "Regular       235 non-null int64\n",
      "Sugar         235 non-null int64\n",
      "Fruit         235 non-null int64\n",
      "Process       235 non-null int64\n",
      "Quality       235 non-null int64\n",
      "Treat         235 non-null int64\n",
      "Boring        235 non-null int64\n",
      "Nutritious    235 non-null int64\n",
      "dtypes: int64(25), object(1)\n",
      "memory usage: 47.8+ KB\n"
     ]
    }
   ],
   "source": [
    "data.info()"
   ]
  },
  {
   "cell_type": "code",
   "execution_count": 5,
   "metadata": {
    "collapsed": true
   },
   "outputs": [],
   "source": [
    "X     = data[['Filling', 'Natural', 'Fibre', 'Sweet', 'Easy', 'Salt', 'Satisfying', 'Energy',\\\n",
    "               'Fun', 'Kids', 'Soggy', 'Economical', 'Health', 'Family', 'Calories', 'Plain',\\\n",
    "               'Crisp', 'Regular', 'Sugar', 'Fruit', 'Process', 'Quality', 'Treat', 'Boring',\\\n",
    "               'Nutritious']]\n",
    "y     = data['Cereals']"
   ]
  },
  {
   "cell_type": "code",
   "execution_count": 6,
   "metadata": {},
   "outputs": [
    {
     "data": {
      "text/html": [
       "<div>\n",
       "<style scoped>\n",
       "    .dataframe tbody tr th:only-of-type {\n",
       "        vertical-align: middle;\n",
       "    }\n",
       "\n",
       "    .dataframe tbody tr th {\n",
       "        vertical-align: top;\n",
       "    }\n",
       "\n",
       "    .dataframe thead th {\n",
       "        text-align: right;\n",
       "    }\n",
       "</style>\n",
       "<table border=\"1\" class=\"dataframe\">\n",
       "  <thead>\n",
       "    <tr style=\"text-align: right;\">\n",
       "      <th></th>\n",
       "      <th>0</th>\n",
       "      <th>1</th>\n",
       "      <th>2</th>\n",
       "      <th>3</th>\n",
       "      <th>4</th>\n",
       "    </tr>\n",
       "  </thead>\n",
       "  <tbody>\n",
       "    <tr>\n",
       "      <th>Cereals</th>\n",
       "      <td>Weetabix</td>\n",
       "      <td>SpecialK</td>\n",
       "      <td>SpecialK</td>\n",
       "      <td>CMuesli</td>\n",
       "      <td>CornFlakes</td>\n",
       "    </tr>\n",
       "    <tr>\n",
       "      <th>Filling</th>\n",
       "      <td>5</td>\n",
       "      <td>1</td>\n",
       "      <td>5</td>\n",
       "      <td>5</td>\n",
       "      <td>4</td>\n",
       "    </tr>\n",
       "    <tr>\n",
       "      <th>Natural</th>\n",
       "      <td>5</td>\n",
       "      <td>2</td>\n",
       "      <td>4</td>\n",
       "      <td>5</td>\n",
       "      <td>5</td>\n",
       "    </tr>\n",
       "    <tr>\n",
       "      <th>Fibre</th>\n",
       "      <td>5</td>\n",
       "      <td>2</td>\n",
       "      <td>5</td>\n",
       "      <td>5</td>\n",
       "      <td>3</td>\n",
       "    </tr>\n",
       "    <tr>\n",
       "      <th>Sweet</th>\n",
       "      <td>1</td>\n",
       "      <td>1</td>\n",
       "      <td>5</td>\n",
       "      <td>3</td>\n",
       "      <td>2</td>\n",
       "    </tr>\n",
       "    <tr>\n",
       "      <th>Easy</th>\n",
       "      <td>2</td>\n",
       "      <td>5</td>\n",
       "      <td>5</td>\n",
       "      <td>5</td>\n",
       "      <td>5</td>\n",
       "    </tr>\n",
       "    <tr>\n",
       "      <th>Salt</th>\n",
       "      <td>1</td>\n",
       "      <td>2</td>\n",
       "      <td>3</td>\n",
       "      <td>2</td>\n",
       "      <td>2</td>\n",
       "    </tr>\n",
       "    <tr>\n",
       "      <th>Satisfying</th>\n",
       "      <td>5</td>\n",
       "      <td>5</td>\n",
       "      <td>5</td>\n",
       "      <td>5</td>\n",
       "      <td>5</td>\n",
       "    </tr>\n",
       "    <tr>\n",
       "      <th>Energy</th>\n",
       "      <td>4</td>\n",
       "      <td>1</td>\n",
       "      <td>5</td>\n",
       "      <td>5</td>\n",
       "      <td>4</td>\n",
       "    </tr>\n",
       "    <tr>\n",
       "      <th>Fun</th>\n",
       "      <td>1</td>\n",
       "      <td>1</td>\n",
       "      <td>5</td>\n",
       "      <td>5</td>\n",
       "      <td>5</td>\n",
       "    </tr>\n",
       "    <tr>\n",
       "      <th>Kids</th>\n",
       "      <td>4</td>\n",
       "      <td>5</td>\n",
       "      <td>5</td>\n",
       "      <td>5</td>\n",
       "      <td>5</td>\n",
       "    </tr>\n",
       "    <tr>\n",
       "      <th>Soggy</th>\n",
       "      <td>5</td>\n",
       "      <td>3</td>\n",
       "      <td>3</td>\n",
       "      <td>3</td>\n",
       "      <td>1</td>\n",
       "    </tr>\n",
       "    <tr>\n",
       "      <th>Economical</th>\n",
       "      <td>5</td>\n",
       "      <td>5</td>\n",
       "      <td>3</td>\n",
       "      <td>3</td>\n",
       "      <td>5</td>\n",
       "    </tr>\n",
       "    <tr>\n",
       "      <th>Health</th>\n",
       "      <td>5</td>\n",
       "      <td>2</td>\n",
       "      <td>5</td>\n",
       "      <td>5</td>\n",
       "      <td>5</td>\n",
       "    </tr>\n",
       "    <tr>\n",
       "      <th>Family</th>\n",
       "      <td>5</td>\n",
       "      <td>5</td>\n",
       "      <td>5</td>\n",
       "      <td>5</td>\n",
       "      <td>3</td>\n",
       "    </tr>\n",
       "    <tr>\n",
       "      <th>Calories</th>\n",
       "      <td>1</td>\n",
       "      <td>1</td>\n",
       "      <td>1</td>\n",
       "      <td>1</td>\n",
       "      <td>3</td>\n",
       "    </tr>\n",
       "    <tr>\n",
       "      <th>Plain</th>\n",
       "      <td>3</td>\n",
       "      <td>5</td>\n",
       "      <td>1</td>\n",
       "      <td>1</td>\n",
       "      <td>1</td>\n",
       "    </tr>\n",
       "    <tr>\n",
       "      <th>Crisp</th>\n",
       "      <td>1</td>\n",
       "      <td>5</td>\n",
       "      <td>5</td>\n",
       "      <td>1</td>\n",
       "      <td>5</td>\n",
       "    </tr>\n",
       "    <tr>\n",
       "      <th>Regular</th>\n",
       "      <td>4</td>\n",
       "      <td>1</td>\n",
       "      <td>4</td>\n",
       "      <td>4</td>\n",
       "      <td>3</td>\n",
       "    </tr>\n",
       "    <tr>\n",
       "      <th>Sugar</th>\n",
       "      <td>1</td>\n",
       "      <td>2</td>\n",
       "      <td>3</td>\n",
       "      <td>2</td>\n",
       "      <td>1</td>\n",
       "    </tr>\n",
       "    <tr>\n",
       "      <th>Fruit</th>\n",
       "      <td>1</td>\n",
       "      <td>1</td>\n",
       "      <td>1</td>\n",
       "      <td>5</td>\n",
       "      <td>1</td>\n",
       "    </tr>\n",
       "    <tr>\n",
       "      <th>Process</th>\n",
       "      <td>3</td>\n",
       "      <td>5</td>\n",
       "      <td>2</td>\n",
       "      <td>2</td>\n",
       "      <td>3</td>\n",
       "    </tr>\n",
       "    <tr>\n",
       "      <th>Quality</th>\n",
       "      <td>5</td>\n",
       "      <td>2</td>\n",
       "      <td>5</td>\n",
       "      <td>5</td>\n",
       "      <td>5</td>\n",
       "    </tr>\n",
       "    <tr>\n",
       "      <th>Treat</th>\n",
       "      <td>1</td>\n",
       "      <td>1</td>\n",
       "      <td>4</td>\n",
       "      <td>5</td>\n",
       "      <td>5</td>\n",
       "    </tr>\n",
       "    <tr>\n",
       "      <th>Boring</th>\n",
       "      <td>1</td>\n",
       "      <td>1</td>\n",
       "      <td>1</td>\n",
       "      <td>1</td>\n",
       "      <td>1</td>\n",
       "    </tr>\n",
       "    <tr>\n",
       "      <th>Nutritious</th>\n",
       "      <td>5</td>\n",
       "      <td>3</td>\n",
       "      <td>5</td>\n",
       "      <td>5</td>\n",
       "      <td>4</td>\n",
       "    </tr>\n",
       "  </tbody>\n",
       "</table>\n",
       "</div>"
      ],
      "text/plain": [
       "                   0         1         2        3           4\n",
       "Cereals     Weetabix  SpecialK  SpecialK  CMuesli  CornFlakes\n",
       "Filling            5         1         5        5           4\n",
       "Natural            5         2         4        5           5\n",
       "Fibre              5         2         5        5           3\n",
       "Sweet              1         1         5        3           2\n",
       "Easy               2         5         5        5           5\n",
       "Salt               1         2         3        2           2\n",
       "Satisfying         5         5         5        5           5\n",
       "Energy             4         1         5        5           4\n",
       "Fun                1         1         5        5           5\n",
       "Kids               4         5         5        5           5\n",
       "Soggy              5         3         3        3           1\n",
       "Economical         5         5         3        3           5\n",
       "Health             5         2         5        5           5\n",
       "Family             5         5         5        5           3\n",
       "Calories           1         1         1        1           3\n",
       "Plain              3         5         1        1           1\n",
       "Crisp              1         5         5        1           5\n",
       "Regular            4         1         4        4           3\n",
       "Sugar              1         2         3        2           1\n",
       "Fruit              1         1         1        5           1\n",
       "Process            3         5         2        2           3\n",
       "Quality            5         2         5        5           5\n",
       "Treat              1         1         4        5           5\n",
       "Boring             1         1         1        1           1\n",
       "Nutritious         5         3         5        5           4"
      ]
     },
     "execution_count": 6,
     "metadata": {},
     "output_type": "execute_result"
    }
   ],
   "source": [
    "data.head().T"
   ]
  },
  {
   "cell_type": "markdown",
   "metadata": {},
   "source": [
    "**Note**\n",
    "\n",
    "In line 1, you create a data frame of independent variables by specifying the columns you need within double square bracket, []\n",
    "In line 2, you create a series, y containing the dependent variable, *quality*"
   ]
  },
  {
   "cell_type": "markdown",
   "metadata": {},
   "source": [
    "### Step 3 - Test the assumptions"
   ]
  },
  {
   "cell_type": "markdown",
   "metadata": {},
   "source": [
    "** a) Sample size: ideally, there should be 150+ cases and there should be ratio of at least five cases for each variable (Pallant, 2010)**\n",
    "\n",
    "** b) Correlations: there should be some correlation among the factors to be considered for PCA**\n",
    "\n",
    "** c) Linearity: it is assumed that the relationship between the variables are linearly related**\n",
    "\n",
    "** d) Outliers: PCA is sensitive to outliers; they should be removed.**"
   ]
  },
  {
   "cell_type": "markdown",
   "metadata": {},
   "source": [
    "** a) You should have sampling adequacy, which simply means that for PCA to produce a reliable result, large enough sample sizes are required. **"
   ]
  },
  {
   "cell_type": "code",
   "execution_count": 7,
   "metadata": {},
   "outputs": [
    {
     "name": "stdout",
     "output_type": "stream",
     "text": [
      "Sample adequacy is established\n",
      "0.8535216558763702\n"
     ]
    }
   ],
   "source": [
    "kmo_all, kmo_model = calculate_kmo(X)\n",
    "\n",
    "threshold = 0.6\n",
    "if kmo_model >= threshold:\n",
    "    print('Sample adequacy is established')\n",
    "else:\n",
    "    print('Sample adequacy is not established')\n",
    "    \n",
    "print(kmo_model)"
   ]
  },
  {
   "cell_type": "markdown",
   "metadata": {},
   "source": [
    "Kaiser-Meyer-Olkin (KMO) Test measures the suitability of data for PCA. It determines the adequacy for each observed variable and for the complete model. KMO estimates the proportion of variance among all the observed variable. KMO values range between 0 and 1. Value of KMO less than 0.6 is considered inadequate."
   ]
  },
  {
   "cell_type": "markdown",
   "metadata": {},
   "source": [
    "** b) The Spearman Rank Correlation is a test of association for ordinal or interval variables. **"
   ]
  },
  {
   "cell_type": "code",
   "execution_count": 8,
   "metadata": {},
   "outputs": [
    {
     "name": "stdout",
     "output_type": "stream",
     "text": [
      "[[ 1.00000000e+00  5.24862692e-01  5.19030832e-01  1.94478502e-01\n",
      "   2.48960449e-01 -2.68813685e-02  6.50322590e-01  6.21204953e-01\n",
      "   2.60803293e-01  1.65343073e-01 -9.29972563e-02  8.22436619e-02\n",
      "   5.26370234e-01  2.23640080e-01  4.50036661e-02 -2.76425407e-01\n",
      "   1.58950193e-01  4.00543841e-01 -7.12487489e-02  2.43003928e-01\n",
      "  -2.06303136e-01  4.32333695e-01  3.19311785e-01 -2.29251642e-01\n",
      "   5.11673444e-01]\n",
      " [ 5.24862692e-01  1.00000000e+00  5.89505953e-01 -6.07695998e-02\n",
      "   2.16880626e-01 -2.02084931e-01  4.41444315e-01  4.78021885e-01\n",
      "   9.75168012e-02  6.98469070e-02  4.69853120e-02  1.33120404e-01\n",
      "   6.35326144e-01  9.36592655e-02 -1.16316749e-01 -1.67815736e-01\n",
      "   2.23603718e-02  3.61830296e-01 -2.63147542e-01  2.99166396e-01\n",
      "  -2.63321895e-01  5.51522998e-01  1.78088635e-01 -2.20024462e-01\n",
      "   6.07607027e-01]\n",
      " [ 5.19030832e-01  5.89505953e-01  1.00000000e+00 -4.06768596e-02\n",
      "   1.75296139e-01 -1.74909430e-01  3.77776422e-01  4.75016736e-01\n",
      "   5.53078272e-02 -7.80292668e-02 -4.79422197e-02 -1.61923395e-02\n",
      "   6.57316737e-01 -3.77559733e-04 -1.99481401e-01 -1.43849800e-01\n",
      "   5.24743745e-02  6.29673554e-01 -1.81657875e-01  2.82287222e-01\n",
      "  -1.88139944e-01  4.89879408e-01  1.32055266e-01 -1.04838208e-01\n",
      "   6.88739896e-01]\n",
      " [ 1.94478502e-01 -6.07695998e-02 -4.06768596e-02  1.00000000e+00\n",
      "   9.00800982e-02  4.21876940e-01  1.86393944e-01  1.97620024e-01\n",
      "   3.31586269e-01  1.12187068e-01 -1.12327401e-01 -2.44551167e-01\n",
      "  -1.00447767e-01  5.98284318e-02  4.64886659e-01 -3.10599514e-01\n",
      "   2.36905031e-01 -9.70477294e-03  6.27080898e-01  3.79846306e-01\n",
      "   1.12047527e-01 -4.08149859e-02  3.60127944e-01 -2.34540333e-01\n",
      "  -3.43140562e-02]\n",
      " [ 2.48960449e-01  2.16880626e-01  1.75296139e-01  9.00800982e-02\n",
      "   1.00000000e+00 -2.19713084e-02  3.84366205e-01  2.02923523e-01\n",
      "   2.58970514e-01  2.65537567e-01 -4.84294799e-02  1.20346999e-01\n",
      "   2.08916181e-01  2.70905821e-01 -3.67616576e-02 -2.24898981e-03\n",
      "   2.32040703e-01  9.46180967e-02 -4.62649351e-02  4.76455756e-03\n",
      "  -1.37601825e-02  1.94187571e-01  1.77077236e-01 -1.71206912e-01\n",
      "   1.77637813e-01]\n",
      " [-2.68813685e-02 -2.02084931e-01 -1.74909430e-01  4.21876940e-01\n",
      "  -2.19713084e-02  1.00000000e+00 -2.42435696e-02 -6.63773339e-02\n",
      "   4.05088198e-04  1.73921699e-02  2.10999982e-03 -1.24501801e-01\n",
      "  -2.22217753e-01 -6.73222865e-02  4.19273986e-01  6.78996902e-03\n",
      "   8.56272576e-02 -1.55729278e-01  5.68081409e-01  3.22973822e-02\n",
      "   2.79385772e-01 -2.00415879e-01  1.02806481e-01  8.64344983e-02\n",
      "  -1.91952214e-01]\n",
      " [ 6.50322590e-01  4.41444315e-01  3.77776422e-01  1.86393944e-01\n",
      "   3.84366205e-01 -2.42435696e-02  1.00000000e+00  5.94511917e-01\n",
      "   3.50393075e-01  3.22410860e-01 -7.83055475e-02  2.37675140e-01\n",
      "   5.21774711e-01  3.36809431e-01  5.86263050e-03 -2.11498277e-01\n",
      "   2.74547140e-01  3.19757421e-01 -9.56935468e-02  2.40239389e-01\n",
      "  -1.94583289e-01  4.62945829e-01  3.53052468e-01 -3.52185938e-01\n",
      "   4.79276633e-01]\n",
      " [ 6.21204953e-01  4.78021885e-01  4.75016736e-01  1.97620024e-01\n",
      "   2.02923523e-01 -6.63773339e-02  5.94511917e-01  1.00000000e+00\n",
      "   3.61121764e-01  1.33888002e-01 -1.08989202e-01  3.34933172e-02\n",
      "   5.27725520e-01  1.83211193e-01  2.27731521e-02 -2.83107504e-01\n",
      "   2.68580194e-01  3.69289403e-01 -5.57063118e-02  2.71549034e-01\n",
      "  -8.54782631e-02  4.55056721e-01  3.08206910e-01 -2.80465736e-01\n",
      "   5.14816991e-01]\n",
      " [ 2.60803293e-01  9.75168012e-02  5.53078272e-02  3.31586269e-01\n",
      "   2.58970514e-01  4.05088198e-04  3.50393075e-01  3.61121764e-01\n",
      "   1.00000000e+00  3.82487778e-01 -1.65643445e-01  3.87088308e-03\n",
      "   1.05363090e-01  3.93431511e-01  1.47772963e-01 -3.24624425e-01\n",
      "   3.82503797e-01  1.18271577e-01  1.47134588e-01  2.58440051e-01\n",
      "  -2.28636016e-02  2.13520595e-01  5.65450247e-01 -3.30583617e-01\n",
      "   1.70132037e-01]\n",
      " [ 1.65343073e-01  6.98469070e-02 -7.80292668e-02  1.12187068e-01\n",
      "   2.65537567e-01  1.73921699e-02  3.22410860e-01  1.33888002e-01\n",
      "   3.82487778e-01  1.00000000e+00  1.77931164e-02  3.01678797e-01\n",
      "   1.57366070e-02  6.97777441e-01  1.05518747e-02  4.67306371e-03\n",
      "   3.45656689e-01 -1.18524234e-02 -2.95939208e-02 -2.40857939e-01\n",
      "   9.95589363e-04  1.49489872e-01  2.98364920e-01 -2.24775229e-01\n",
      "   3.84896724e-02]\n",
      " [-9.29972563e-02  4.69853120e-02 -4.79422197e-02 -1.12327401e-01\n",
      "  -4.84294799e-02  2.10999982e-03 -7.83055475e-02 -1.08989202e-01\n",
      "  -1.65643445e-01  1.77931164e-02  1.00000000e+00  1.08047717e-01\n",
      "  -6.26834448e-03  5.18942229e-02 -9.30186326e-02  3.56245275e-01\n",
      "  -3.81623277e-01 -1.58158415e-01 -9.70111472e-02 -1.56122892e-01\n",
      "   7.21533457e-02 -5.27446387e-02 -2.92557279e-01  2.85040698e-01\n",
      "  -1.84892354e-02]\n",
      " [ 8.22436619e-02  1.33120404e-01 -1.61923395e-02 -2.44551167e-01\n",
      "   1.20346999e-01 -1.24501801e-01  2.37675140e-01  3.34933172e-02\n",
      "   3.87088308e-03  3.01678797e-01  1.08047717e-01  1.00000000e+00\n",
      "   2.13830278e-01  2.24247455e-01 -1.95257892e-01  2.30874503e-01\n",
      "   8.90854732e-02  8.13035105e-02 -2.78689654e-01 -3.62662798e-01\n",
      "  -1.12225435e-01  2.25356698e-01 -5.94777586e-02 -2.98664492e-02\n",
      "   1.52520680e-01]\n",
      " [ 5.26370234e-01  6.35326144e-01  6.57316737e-01 -1.00447767e-01\n",
      "   2.08916181e-01 -2.22217753e-01  5.21774711e-01  5.27725520e-01\n",
      "   1.05363090e-01  1.57366070e-02 -6.26834448e-03  2.13830278e-01\n",
      "   1.00000000e+00  7.39294059e-02 -2.90691112e-01 -1.22320050e-01\n",
      "   9.27208622e-02  5.15565757e-01 -3.26905391e-01  2.53941986e-01\n",
      "  -2.52970302e-01  6.58083562e-01  2.07222901e-01 -2.18599071e-01\n",
      "   7.47629588e-01]\n",
      " [ 2.23640080e-01  9.36592655e-02 -3.77559733e-04  5.98284318e-02\n",
      "   2.70905821e-01 -6.73222865e-02  3.36809431e-01  1.83211193e-01\n",
      "   3.93431511e-01  6.97777441e-01  5.18942229e-02  2.24247455e-01\n",
      "   7.39294059e-02  1.00000000e+00 -2.23451765e-02 -2.91376608e-02\n",
      "   3.00118548e-01  3.73828103e-02 -2.96786042e-02 -1.30122546e-01\n",
      "   2.34746576e-03  2.37943839e-01  2.90354323e-01 -2.64327720e-01\n",
      "   8.34792279e-02]\n",
      " [ 4.50036661e-02 -1.16316749e-01 -1.99481401e-01  4.64886659e-01\n",
      "  -3.67616576e-02  4.19273986e-01  5.86263050e-03  2.27731521e-02\n",
      "   1.47772963e-01  1.05518747e-02 -9.30186326e-02 -1.95257892e-01\n",
      "  -2.90691112e-01 -2.23451765e-02  1.00000000e+00 -9.23751337e-02\n",
      "   1.47887436e-01 -1.68346794e-01  5.33558846e-01  1.64560818e-01\n",
      "   3.00393996e-01 -1.93166025e-01  2.16098195e-01 -6.90239722e-02\n",
      "  -2.19124203e-01]\n",
      " [-2.76425407e-01 -1.67815736e-01 -1.43849800e-01 -3.10599514e-01\n",
      "  -2.24898981e-03  6.78996902e-03 -2.11498277e-01 -2.83107504e-01\n",
      "  -3.24624425e-01  4.67306371e-03  3.56245275e-01  2.30874503e-01\n",
      "  -1.22320050e-01 -2.91376608e-02 -9.23751337e-02  1.00000000e+00\n",
      "  -2.41472939e-01 -8.46704893e-02 -1.50889345e-01 -3.65111756e-01\n",
      "   1.22885719e-01 -2.26157287e-01 -4.36687798e-01  3.70093674e-01\n",
      "  -1.76134088e-01]\n",
      " [ 1.58950193e-01  2.23603718e-02  5.24743745e-02  2.36905031e-01\n",
      "   2.32040703e-01  8.56272576e-02  2.74547140e-01  2.68580194e-01\n",
      "   3.82503797e-01  3.45656689e-01 -3.81623277e-01  8.90854732e-02\n",
      "   9.27208622e-02  3.00118548e-01  1.47887436e-01 -2.41472939e-01\n",
      "   1.00000000e+00  1.29546860e-01  1.58068686e-01  8.38923310e-02\n",
      "   4.51169538e-03  1.39675020e-01  4.48244452e-01 -3.74343435e-01\n",
      "   1.08247351e-01]\n",
      " [ 4.00543841e-01  3.61830296e-01  6.29673554e-01 -9.70477294e-03\n",
      "   9.46180967e-02 -1.55729278e-01  3.19757421e-01  3.69289403e-01\n",
      "   1.18271577e-01 -1.18524234e-02 -1.58158415e-01  8.13035105e-02\n",
      "   5.15565757e-01  3.73828103e-02 -1.68346794e-01 -8.46704893e-02\n",
      "   1.29546860e-01  1.00000000e+00 -5.14111301e-02  2.60709179e-01\n",
      "  -1.45496506e-01  4.34679059e-01  1.57817863e-01 -1.14010424e-01\n",
      "   5.44638428e-01]\n",
      " [-7.12487489e-02 -2.63147542e-01 -1.81657875e-01  6.27080898e-01\n",
      "  -4.62649351e-02  5.68081409e-01 -9.56935468e-02 -5.57063118e-02\n",
      "   1.47134588e-01 -2.95939208e-02 -9.70111472e-02 -2.78689654e-01\n",
      "  -3.26905391e-01 -2.96786042e-02  5.33558846e-01 -1.50889345e-01\n",
      "   1.58068686e-01 -5.14111301e-02  1.00000000e+00  1.84087816e-01\n",
      "   3.20151527e-01 -2.09463445e-01  2.23108515e-01 -2.88279894e-02\n",
      "  -2.44131012e-01]\n",
      " [ 2.43003928e-01  2.99166396e-01  2.82287222e-01  3.79846306e-01\n",
      "   4.76455756e-03  3.22973822e-02  2.40239389e-01  2.71549034e-01\n",
      "   2.58440051e-01 -2.40857939e-01 -1.56122892e-01 -3.62662798e-01\n",
      "   2.53941986e-01 -1.30122546e-01  1.64560818e-01 -3.65111756e-01\n",
      "   8.38923310e-02  2.60709179e-01  1.84087816e-01  1.00000000e+00\n",
      "  -1.45866206e-01  1.50509609e-01  3.19746174e-01 -2.68796456e-01\n",
      "   3.03857803e-01]\n",
      " [-2.06303136e-01 -2.63321895e-01 -1.88139944e-01  1.12047527e-01\n",
      "  -1.37601825e-02  2.79385772e-01 -1.94583289e-01 -8.54782631e-02\n",
      "  -2.28636016e-02  9.95589363e-04  7.21533457e-02 -1.12225435e-01\n",
      "  -2.52970302e-01  2.34746576e-03  3.00393996e-01  1.22885719e-01\n",
      "   4.51169538e-03 -1.45496506e-01  3.20151527e-01 -1.45866206e-01\n",
      "   1.00000000e+00 -1.77221334e-01  2.61853846e-02  1.72113524e-01\n",
      "  -2.99956059e-01]\n",
      " [ 4.32333695e-01  5.51522998e-01  4.89879408e-01 -4.08149859e-02\n",
      "   1.94187571e-01 -2.00415879e-01  4.62945829e-01  4.55056721e-01\n",
      "   2.13520595e-01  1.49489872e-01 -5.27446387e-02  2.25356698e-01\n",
      "   6.58083562e-01  2.37943839e-01 -1.93166025e-01 -2.26157287e-01\n",
      "   1.39675020e-01  4.34679059e-01 -2.09463445e-01  1.50509609e-01\n",
      "  -1.77221334e-01  1.00000000e+00  3.10353173e-01 -2.55620095e-01\n",
      "   6.50682925e-01]\n",
      " [ 3.19311785e-01  1.78088635e-01  1.32055266e-01  3.60127944e-01\n",
      "   1.77077236e-01  1.02806481e-01  3.53052468e-01  3.08206910e-01\n",
      "   5.65450247e-01  2.98364920e-01 -2.92557279e-01 -5.94777586e-02\n",
      "   2.07222901e-01  2.90354323e-01  2.16098195e-01 -4.36687798e-01\n",
      "   4.48244452e-01  1.57817863e-01  2.23108515e-01  3.19746174e-01\n",
      "   2.61853846e-02  3.10353173e-01  1.00000000e+00 -3.68433155e-01\n",
      "   2.50646756e-01]\n",
      " [-2.29251642e-01 -2.20024462e-01 -1.04838208e-01 -2.34540333e-01\n",
      "  -1.71206912e-01  8.64344983e-02 -3.52185938e-01 -2.80465736e-01\n",
      "  -3.30583617e-01 -2.24775229e-01  2.85040698e-01 -2.98664492e-02\n",
      "  -2.18599071e-01 -2.64327720e-01 -6.90239722e-02  3.70093674e-01\n",
      "  -3.74343435e-01 -1.14010424e-01 -2.88279894e-02 -2.68796456e-01\n",
      "   1.72113524e-01 -2.55620095e-01 -3.68433155e-01  1.00000000e+00\n",
      "  -1.74147192e-01]\n",
      " [ 5.11673444e-01  6.07607027e-01  6.88739896e-01 -3.43140562e-02\n",
      "   1.77637813e-01 -1.91952214e-01  4.79276633e-01  5.14816991e-01\n",
      "   1.70132037e-01  3.84896724e-02 -1.84892354e-02  1.52520680e-01\n",
      "   7.47629588e-01  8.34792279e-02 -2.19124203e-01 -1.76134088e-01\n",
      "   1.08247351e-01  5.44638428e-01 -2.44131012e-01  3.03857803e-01\n",
      "  -2.99956059e-01  6.50682925e-01  2.50646756e-01 -1.74147192e-01\n",
      "   1.00000000e+00]]\n"
     ]
    }
   ],
   "source": [
    "rho, pval = stats.spearmanr(X)\n",
    "print(rho)"
   ]
  },
  {
   "cell_type": "code",
   "execution_count": 9,
   "metadata": {
    "collapsed": true
   },
   "outputs": [],
   "source": [
    "col_names = ['Filling', 'Natural', 'Fibre', 'Sweet', 'Easy', 'Salt', 'Satisfying', 'Energy',\\\n",
    "               'Fun', 'Kids', 'Soggy', 'Economical', 'Health', 'Family', 'Calories', 'Plain',\\\n",
    "               'Crisp', 'Regular', 'Sugar', 'Fruit', 'Process', 'Quality', 'Treat', 'Boring',\\\n",
    "               'Nutritious']\n",
    "cor_df  = pd.DataFrame(np.round(rho,2), columns = col_names)"
   ]
  },
  {
   "cell_type": "code",
   "execution_count": 10,
   "metadata": {},
   "outputs": [
    {
     "data": {
      "text/html": [
       "<div>\n",
       "<style scoped>\n",
       "    .dataframe tbody tr th:only-of-type {\n",
       "        vertical-align: middle;\n",
       "    }\n",
       "\n",
       "    .dataframe tbody tr th {\n",
       "        vertical-align: top;\n",
       "    }\n",
       "\n",
       "    .dataframe thead th {\n",
       "        text-align: right;\n",
       "    }\n",
       "</style>\n",
       "<table border=\"1\" class=\"dataframe\">\n",
       "  <thead>\n",
       "    <tr style=\"text-align: right;\">\n",
       "      <th></th>\n",
       "      <th>Filling</th>\n",
       "      <th>Natural</th>\n",
       "      <th>Fibre</th>\n",
       "      <th>Sweet</th>\n",
       "      <th>Easy</th>\n",
       "      <th>Salt</th>\n",
       "      <th>Satisfying</th>\n",
       "      <th>Energy</th>\n",
       "    </tr>\n",
       "  </thead>\n",
       "  <tbody>\n",
       "    <tr>\n",
       "      <th>0</th>\n",
       "      <td>1.00</td>\n",
       "      <td>0.52</td>\n",
       "      <td>0.52</td>\n",
       "      <td>0.19</td>\n",
       "      <td>0.25</td>\n",
       "      <td>-0.03</td>\n",
       "      <td>0.65</td>\n",
       "      <td>0.62</td>\n",
       "    </tr>\n",
       "    <tr>\n",
       "      <th>1</th>\n",
       "      <td>0.52</td>\n",
       "      <td>1.00</td>\n",
       "      <td>0.59</td>\n",
       "      <td>-0.06</td>\n",
       "      <td>0.22</td>\n",
       "      <td>-0.20</td>\n",
       "      <td>0.44</td>\n",
       "      <td>0.48</td>\n",
       "    </tr>\n",
       "    <tr>\n",
       "      <th>2</th>\n",
       "      <td>0.52</td>\n",
       "      <td>0.59</td>\n",
       "      <td>1.00</td>\n",
       "      <td>-0.04</td>\n",
       "      <td>0.18</td>\n",
       "      <td>-0.17</td>\n",
       "      <td>0.38</td>\n",
       "      <td>0.48</td>\n",
       "    </tr>\n",
       "    <tr>\n",
       "      <th>3</th>\n",
       "      <td>0.19</td>\n",
       "      <td>-0.06</td>\n",
       "      <td>-0.04</td>\n",
       "      <td>1.00</td>\n",
       "      <td>0.09</td>\n",
       "      <td>0.42</td>\n",
       "      <td>0.19</td>\n",
       "      <td>0.20</td>\n",
       "    </tr>\n",
       "    <tr>\n",
       "      <th>4</th>\n",
       "      <td>0.25</td>\n",
       "      <td>0.22</td>\n",
       "      <td>0.18</td>\n",
       "      <td>0.09</td>\n",
       "      <td>1.00</td>\n",
       "      <td>-0.02</td>\n",
       "      <td>0.38</td>\n",
       "      <td>0.20</td>\n",
       "    </tr>\n",
       "    <tr>\n",
       "      <th>5</th>\n",
       "      <td>-0.03</td>\n",
       "      <td>-0.20</td>\n",
       "      <td>-0.17</td>\n",
       "      <td>0.42</td>\n",
       "      <td>-0.02</td>\n",
       "      <td>1.00</td>\n",
       "      <td>-0.02</td>\n",
       "      <td>-0.07</td>\n",
       "    </tr>\n",
       "    <tr>\n",
       "      <th>6</th>\n",
       "      <td>0.65</td>\n",
       "      <td>0.44</td>\n",
       "      <td>0.38</td>\n",
       "      <td>0.19</td>\n",
       "      <td>0.38</td>\n",
       "      <td>-0.02</td>\n",
       "      <td>1.00</td>\n",
       "      <td>0.59</td>\n",
       "    </tr>\n",
       "    <tr>\n",
       "      <th>7</th>\n",
       "      <td>0.62</td>\n",
       "      <td>0.48</td>\n",
       "      <td>0.48</td>\n",
       "      <td>0.20</td>\n",
       "      <td>0.20</td>\n",
       "      <td>-0.07</td>\n",
       "      <td>0.59</td>\n",
       "      <td>1.00</td>\n",
       "    </tr>\n",
       "    <tr>\n",
       "      <th>8</th>\n",
       "      <td>0.26</td>\n",
       "      <td>0.10</td>\n",
       "      <td>0.06</td>\n",
       "      <td>0.33</td>\n",
       "      <td>0.26</td>\n",
       "      <td>0.00</td>\n",
       "      <td>0.35</td>\n",
       "      <td>0.36</td>\n",
       "    </tr>\n",
       "    <tr>\n",
       "      <th>9</th>\n",
       "      <td>0.17</td>\n",
       "      <td>0.07</td>\n",
       "      <td>-0.08</td>\n",
       "      <td>0.11</td>\n",
       "      <td>0.27</td>\n",
       "      <td>0.02</td>\n",
       "      <td>0.32</td>\n",
       "      <td>0.13</td>\n",
       "    </tr>\n",
       "    <tr>\n",
       "      <th>10</th>\n",
       "      <td>-0.09</td>\n",
       "      <td>0.05</td>\n",
       "      <td>-0.05</td>\n",
       "      <td>-0.11</td>\n",
       "      <td>-0.05</td>\n",
       "      <td>0.00</td>\n",
       "      <td>-0.08</td>\n",
       "      <td>-0.11</td>\n",
       "    </tr>\n",
       "    <tr>\n",
       "      <th>11</th>\n",
       "      <td>0.08</td>\n",
       "      <td>0.13</td>\n",
       "      <td>-0.02</td>\n",
       "      <td>-0.24</td>\n",
       "      <td>0.12</td>\n",
       "      <td>-0.12</td>\n",
       "      <td>0.24</td>\n",
       "      <td>0.03</td>\n",
       "    </tr>\n",
       "    <tr>\n",
       "      <th>12</th>\n",
       "      <td>0.53</td>\n",
       "      <td>0.64</td>\n",
       "      <td>0.66</td>\n",
       "      <td>-0.10</td>\n",
       "      <td>0.21</td>\n",
       "      <td>-0.22</td>\n",
       "      <td>0.52</td>\n",
       "      <td>0.53</td>\n",
       "    </tr>\n",
       "    <tr>\n",
       "      <th>13</th>\n",
       "      <td>0.22</td>\n",
       "      <td>0.09</td>\n",
       "      <td>-0.00</td>\n",
       "      <td>0.06</td>\n",
       "      <td>0.27</td>\n",
       "      <td>-0.07</td>\n",
       "      <td>0.34</td>\n",
       "      <td>0.18</td>\n",
       "    </tr>\n",
       "    <tr>\n",
       "      <th>14</th>\n",
       "      <td>0.05</td>\n",
       "      <td>-0.12</td>\n",
       "      <td>-0.20</td>\n",
       "      <td>0.46</td>\n",
       "      <td>-0.04</td>\n",
       "      <td>0.42</td>\n",
       "      <td>0.01</td>\n",
       "      <td>0.02</td>\n",
       "    </tr>\n",
       "    <tr>\n",
       "      <th>15</th>\n",
       "      <td>-0.28</td>\n",
       "      <td>-0.17</td>\n",
       "      <td>-0.14</td>\n",
       "      <td>-0.31</td>\n",
       "      <td>-0.00</td>\n",
       "      <td>0.01</td>\n",
       "      <td>-0.21</td>\n",
       "      <td>-0.28</td>\n",
       "    </tr>\n",
       "    <tr>\n",
       "      <th>16</th>\n",
       "      <td>0.16</td>\n",
       "      <td>0.02</td>\n",
       "      <td>0.05</td>\n",
       "      <td>0.24</td>\n",
       "      <td>0.23</td>\n",
       "      <td>0.09</td>\n",
       "      <td>0.27</td>\n",
       "      <td>0.27</td>\n",
       "    </tr>\n",
       "    <tr>\n",
       "      <th>17</th>\n",
       "      <td>0.40</td>\n",
       "      <td>0.36</td>\n",
       "      <td>0.63</td>\n",
       "      <td>-0.01</td>\n",
       "      <td>0.09</td>\n",
       "      <td>-0.16</td>\n",
       "      <td>0.32</td>\n",
       "      <td>0.37</td>\n",
       "    </tr>\n",
       "    <tr>\n",
       "      <th>18</th>\n",
       "      <td>-0.07</td>\n",
       "      <td>-0.26</td>\n",
       "      <td>-0.18</td>\n",
       "      <td>0.63</td>\n",
       "      <td>-0.05</td>\n",
       "      <td>0.57</td>\n",
       "      <td>-0.10</td>\n",
       "      <td>-0.06</td>\n",
       "    </tr>\n",
       "    <tr>\n",
       "      <th>19</th>\n",
       "      <td>0.24</td>\n",
       "      <td>0.30</td>\n",
       "      <td>0.28</td>\n",
       "      <td>0.38</td>\n",
       "      <td>0.00</td>\n",
       "      <td>0.03</td>\n",
       "      <td>0.24</td>\n",
       "      <td>0.27</td>\n",
       "    </tr>\n",
       "    <tr>\n",
       "      <th>20</th>\n",
       "      <td>-0.21</td>\n",
       "      <td>-0.26</td>\n",
       "      <td>-0.19</td>\n",
       "      <td>0.11</td>\n",
       "      <td>-0.01</td>\n",
       "      <td>0.28</td>\n",
       "      <td>-0.19</td>\n",
       "      <td>-0.09</td>\n",
       "    </tr>\n",
       "    <tr>\n",
       "      <th>21</th>\n",
       "      <td>0.43</td>\n",
       "      <td>0.55</td>\n",
       "      <td>0.49</td>\n",
       "      <td>-0.04</td>\n",
       "      <td>0.19</td>\n",
       "      <td>-0.20</td>\n",
       "      <td>0.46</td>\n",
       "      <td>0.46</td>\n",
       "    </tr>\n",
       "    <tr>\n",
       "      <th>22</th>\n",
       "      <td>0.32</td>\n",
       "      <td>0.18</td>\n",
       "      <td>0.13</td>\n",
       "      <td>0.36</td>\n",
       "      <td>0.18</td>\n",
       "      <td>0.10</td>\n",
       "      <td>0.35</td>\n",
       "      <td>0.31</td>\n",
       "    </tr>\n",
       "    <tr>\n",
       "      <th>23</th>\n",
       "      <td>-0.23</td>\n",
       "      <td>-0.22</td>\n",
       "      <td>-0.10</td>\n",
       "      <td>-0.23</td>\n",
       "      <td>-0.17</td>\n",
       "      <td>0.09</td>\n",
       "      <td>-0.35</td>\n",
       "      <td>-0.28</td>\n",
       "    </tr>\n",
       "    <tr>\n",
       "      <th>24</th>\n",
       "      <td>0.51</td>\n",
       "      <td>0.61</td>\n",
       "      <td>0.69</td>\n",
       "      <td>-0.03</td>\n",
       "      <td>0.18</td>\n",
       "      <td>-0.19</td>\n",
       "      <td>0.48</td>\n",
       "      <td>0.51</td>\n",
       "    </tr>\n",
       "  </tbody>\n",
       "</table>\n",
       "</div>"
      ],
      "text/plain": [
       "    Filling  Natural  Fibre  Sweet  Easy  Salt  Satisfying  Energy\n",
       "0      1.00     0.52   0.52   0.19  0.25 -0.03        0.65    0.62\n",
       "1      0.52     1.00   0.59  -0.06  0.22 -0.20        0.44    0.48\n",
       "2      0.52     0.59   1.00  -0.04  0.18 -0.17        0.38    0.48\n",
       "3      0.19    -0.06  -0.04   1.00  0.09  0.42        0.19    0.20\n",
       "4      0.25     0.22   0.18   0.09  1.00 -0.02        0.38    0.20\n",
       "5     -0.03    -0.20  -0.17   0.42 -0.02  1.00       -0.02   -0.07\n",
